3D Property Management
A & J Hanna Construction Ltd (Fredericton)
A&W Miramichi (630883 NB Inc)
A.C. Sharkey's Pub & Grill (Florenceville-Bristol)
A.N.D. Communications
Acadia Pizza Donair / Korean Restaurant (Dieppe)
Accor Hotels Global Reservation Centre
Acorn Restaurant / Mads Truckstop (Lake George)
Admiral's Quay B&B (Yang Developments Ltd.)
Adorable Chocolat Inc
Adrice Cormier Ltd
Airport General Store (649459 NB Ltd)
AirVM
Alexandru & Camelia Trucking
All Needs Care Home (Fredericton)
"Allen, Paquet & Arseneau LLP"
Allen's Petro Canada & Grocery (Allen's Enterprise Inc.)
Amsterdam Inn & Suites Sussex (deWinter Brothers Ltd.)
Andrei Chartovich
Andrei Master Tailors Ltd
Apex Industries Inc
Appcast
Armour Transport Inc
Arom Chinese Cuisine Fredericton (655749 N.B. Ltd.)
Asian Garden Indian Restaurant Moncton (Bhatia Brothers Ltd)
Aspen University
Atelier Gérard Beaulieu
Atlantic All Weather Windows
Atlantic Ballet of Canada
Atlantic Pacific Transport Ltd.
Atlantic Potato Distributor LTD
Atlantic Poultry Incorporated
Atlantic Star Uniforms 2009 Inc.
Atlantic T-1 Cash and Carry Inc.
Atlantic Wildlife Institute
Au Bootlegger de la Baie Craft Beer Ltd (Bathurst)
Auberge du Soleil (Dieppe)
Aulac Big Stop Restaurant (W.J. Allen & Sons)
Autism Intervention Service (Fredericton)
Ayr Motor Express Inc
B & B Environmental Services Ltd
Banque National du Canada (Memramcook)
Banque Nationale du Canada (Dieppe)
Banque Nationale du Canada (Moncton)
Barnhouse Pub (Keswick)
Barrie Special Care Home Ltd (Nasonworth)
Base Engineering
Bayshore Lobster and Sea Food
Benchmark Fabricators
Bicom Systems
Bill's Siding Ltd (Saint John)
Biopolynet Inc.
BioScript Pharmacy Ltd.
BJ'S Subs & Sandwiches (684422 NB Inc)
Black Duck Cafe & Coy Wolf Bistro (Sackville)
Blue Canoe Restaurant (Fenety Convenience Store Ltd.)
Blue Spruce Investments Ltd
Blue Spurs Consulting Inc
Bluebird Café Moncton (682395 NB LTD)
Boathouse Café Fredericton (JTM Holding Ltd.)
Boaz Japanese and Korean Restaurant (666101 NB Inc)
Bos Brothers Inc
Boston Pizza Miramichi (0734641 B.C. Ltd)
Boston Pizza Moncton (NWC Pizza Company Inc)
Bouctouche Bay Inn
Boudreau Meat
Boulevard Cafe (Bouctouche)
Boulevard Cafe Moncton (696871 NB Inc)
Bradley's Food & Beverage Ltd (Miramichi)
Bravo Pizza (Riverview)
Brennan Contractors & Supplies Ltd. (Florenceville-Bristol)
Brennan Home Hardware Woodstock
Brona Transport Ltd
Brothers Bakery Inc. (Moncton)
Brunswick News Inc
Buchaneer's Pub & Eatery (DonMatt Enterprises Ltd)
Buffet Express (Fredericton)
Bulgogi (696387 NB Inc.)
Burger King (FMI) (BKR Management Inc)
Burger King Bathurst (6497942 Canada Inc)
Burger King Edmundston (BKE Food)
Burger King Miramichi (Livingston & Jardine Holdings Ltd.)
Burger King Moncton (Gallean Management Ltd)
Burger King Moncton (Glencoe Holdings Ltd)
Burger King Saint John (6497969 Canada Inc)
Butterfly Energy Systems Inc
BWS Manufacturing Ltd
C & C International Enterprise Ltd
C & D Construction Limited (Beresford)
C & J Trucking Ltd
Café C'est La Vie (663417 NB Inc)
Caissie Grocery & Meat
Calm Water Holdings Ltd
Campbellton Nursing Home Inc
Canadas Best Value Inn & Suites Woodstock (ARC Motels Inc)
Canadian Red Cross Society
Canadian Tire Gas Saint John (Force Be With You Inc.)
CanCo Logistics Inc.
Canlink Aviation Inc
Cape Bald Packers Ltd
Capital Region Community Tennis Center
Carleton Manor Inc (Woodstock)
Carrefour communautaire Beausoleil Inc.
Carstar St Stephen (Oak Haven Auto Renewal Ltd)
CBI Health Group
CC Art Gallery Inc
Cedar Enterprises ( Mother Natures)
Cedar Enterprises (Mother Natures)
Cedar Street Convenience (657030 NB Ltd)
Cedars Pizza (Moncton)
Central Garage Ltd
Cerberus PPV Holding Ltd
Champlain Dental Clinic Inc
Chang Yong Taekwondo
Chantals Steak House (Edmundston)
Chef Chinese Kitchen (Ming & Bo Brothers Company Ltd)
Chez Kim Restaurant Inc (Campbellton)
Chez Raymond (Neguac)
Chipman Hill Suites Limited (Saint John)
Choy & Choy Inc
Cinta Ria Malaysian Fusion Malaisienne (Exdy Synergy Inc)
Cirrus Garment Ltd
Clad-Tech Inc
Clamatco Home Enterprise Ltd.
Clarkview Inc.
Coast Tire & Auto Service Ltd
Cocagne Seafood
Coffee Mill Canada Ltd (Fredericton)
Colin Read
Comfort Inn Bathurst (701274 NB LTD)
Computer Generated Solutions Canada Ltd
Concentrix (Minacs)
Confection 4e Dimension Ltee
Connors Bros. Clover Leaf Seafoods Company
Connors Transfer Limited
Conrok Development Inc
Cooke Aquaculture
Cora's Breakfast & Lunch Dieppe
Cora's Breakfast & Lunch Fredericton
Cora's Breakfast & Lunch McAllister (638571 NB Ltd)
Cora's Breakfast & Lunch Moncton
Cora's Breakfast & Lunch Saint John (611286 NB Ltd)
Corporation Cercueil Alliance St-Laurent
Craig Manufacturing Ltd.
Cunard Restaurant (Miramichi)
Cvent Canada ULC
CYV Chevrolet Buick GMC Ltd.
D & J Bait Co Ltee or DJ Marine
Dairy Queen Atholville (601894 NB Inc)
Dairy Queen Dieppe (G.Y. Enterprise Inc.)
Dairy Queen Riverview (Mitton's Food Service)
Dairy Queen Saint John (OM Shiv Shakti Inc)
Dairy Sweet Holsteins Ltd
Dalhousie Medicine NB IMPART Investigators Team
Dam Lam Trading (8012873 Canada Inc)
Dana's Collision Center (Dan Car Enterprises Inc)
Dango Inc
Danny's Inn and Suites (Beresford)
Danube Trucking Inc
David Bailey and Sons Transport Ltd
Davis and Dye Inc
Day & Ross Inc
DB Group Consulting Inc
Delta Beausejour by Marriott (Innvest Hotels)
Diocese of Saint John (Roman Catholic Bishop of Saint John)
Diplomat Restaurant (Fredericton)
Ditech Testing
Dolma Food Inc (Moncton)
Domaine La Vallée de Memramcook Inc
Domino's Pizza Fredericton (100-220 PEI Inc.)
Do-Nguyen Restaurant / Do Mai Restaurant Inc.
Donnelly Farms Ltd
Donut Creek Company Inc
Dr. Choy Dental Clinic
Dr. Janice E. Wilson Prosthodontics Inc
Dr. Paul Smith
Dramis Communications Solutions Ltd
Dream Payments Corp
Du Repos Bed and Breakfast (Saint Quentin)
D-U-C Trucking Inc.
Earle of Leinster (Inn Style Bed and Breakfast Ltd)
East Coast Canada Travel Agency Inc
East Side Mario's Fredericton
East Side Mario's Moncton (514666 NB Ltd)
Eastern Sea Products Ltd
Ébénisterie Tech Design Woodworking Inc.
Econolodge Inn & Suites Saint John (Gi & Kim Co. Ltd)
EduCode Canada Inc
Elephant Transport Inc
Elsipogtog Mental Health and Addictions
Elumicate Inc
Enseignes Geneau Signs Inc
Enseignes Pattison Sign Group
Entreprise Le Baobab
Érablière du Pont d’Or Ltée
Evangeline Variety (Shediac)
Evasion air Elite Inc
Expedition Technologies Inc
F6 Networks Inc
Fiready Inc
Flakeboard Co (Aurauco North America)
Flynn Canada Ltd
Forest Dale Home Inc
Forest Hills Variety and Pizza Shack
Four Points by Sheraton Edmundston / Franks Bar and Grill
Four Points by Sheraton Moncton (617330 NB LTD)
Foyer Claire Inc
Foyer Saint Thomas de La Vallée de Memramcook Inc
Franchise Management Inc (FMI)
Freddie's Pizza & Donair Elmwood Dr (666727 NB Ltd)
Freddie's Pizza & Donair Mountain Rd (6163452)
Freddy's Delightful Cuisine (Fredericton)
Fuda Wholesale Ltd (Moncton)
Fundy Gymnastics Club
Fundy Plastics Inc.
Future Nets
G. E. Barbour INC
Gable Enterprises Ltd.
Ganong Bros. Ltd.
Garderie des petits moineaux
Gestion S. Lemieux Inc. (Edmundston)
Gilbert M. Rioux & Fils ltée
Gilbert McGloan Gillis (John Gillis Professional Corporation Inc.)
Ginger Design Inc
GK's Family Restaurant
Glaceige Games Inc
Glenns Grocery Ltd
Glenwood Kitchen Ltd
"GNB Parts I, II, III - Agriculture, Aquaculture and Fisheries"
"GNB Parts I, II, III - Education and Early Childhood Development"
"GNB Parts I, II, III - Education and Early Childhood Development (Anglophone East)"
"GNB Parts I, II, III - Education and Early Childhood Development (Anglophone South)"
"GNB Parts I, II, III - Energy and Resource Development"
"GNB Parts I, II, III - Environment and Local Government"
"GNB Parts I, II, III - Finance"
"GNB Parts I, II, III - Health"
"GNB Parts I, II, III - Office of the Integrity Commissioner"
"GNB Parts I, II, III - Service New Brunswick"
"GNB Parts I, II, III - Social Development"
"GNB Parts I, II, III - Tourism, Heritage and Culture"
"GNB Parts I, II, III (Horizon Health Network - Fredericton)"
"GNB Parts I, II, III (Horizon Health Network - Miramichi)"
"GNB Parts I, II, III (Horizon Health Network - Moncton)"
"GNB Parts I, II, III (Horizon Health Network - Saint John)"
"GNB Parts I, II, III (Horizon Health Network - Upper River Valley)"
"GNB Parts I, II, III (Post-Secondary Education, Training and Labour)"
"GNB Parts I, II, III (Réseau de santé Vitalité - Bathurst)"
"GNB Parts I, II, III (Réseau de Santé Vitalité - Beausejour)"
"GNB Parts I, II, III (Réseau de santé Vitalité - Campbellton)"
"GNB Parts I, II, III (Réseau de santé Vitalité - Edmundston)"
Go Motel.Ca (Moncton)
Goji's Franchise Corp
Goji's Frozen Yogurt Dieppe (LLW Investments Ltd.)
Goji's Neighbourhood Treatery Moncton
Gold Leaf Holdings Ltd. o/a Greg's Convenience
Grab N Go (FMI) (632654 NB INC)
"Grab N Go, FMI (683497 NB Inc)"
Grains de Folie 2016 Inc (Caraquet)
Grand Manan Nursing Home
Granite Town Hotel (A.G. Hotels Inc.)
Greco Pizza (Moncton / Shediac)
Green Renewable Energy Resources Inc.
Greenergy Fuels Canada Inc
Greystone Energy Systems INC
Groupe Savoie
Guimond Marine Finishers Inc
H.B. Group Insurance Management Ltd
Hallmark Gold Crown (664084 NB Inc.)
Hannah Gifts & Decor (Southern Summer Inc)
Haru Sushi (Oromocto)
Hawkins Truck Mart Peterbilt Atlantic
Heritage Management Ltd
Highland Transport Limited
HILI Products Inc (Atlantic Sports Apparel)
Hilltop Grill & Beverage (Prospect Investments Ltd)
Hilltop Motel Restaurant (Broadway Holdings)
HomeCare By Design
Hotel Moncton
Hotel Shediac Inc
House of Chan (504115 NB Ltd)
House of Lee Bathurst (Sui Chaung Lee Enterprises Ltd)
Howard Johnson Fredericton (A.K Holdings)
Howard Johnson Inn & Suites Miramichi
HSF Foods Ltd
Hub Dental Lab
Hum's Takeout Restaurant Ltd (Moncton)
Igloo Bathurst
Ignite Fredericton
IGT Solutions Canada ULC
Imperial Manufacturing
Innovatia Inc.
International Harvesters for Christ
Introhive
Iremote.ca ltd
"Irving Oil, Limited"
"Irving Oil, Limited - Highland Fuels Delivery GP"
Itacast NB Ltd
"J.D. Irving, Limited - Atlas Structural Systems"
"J.D. Irving, Limited - Cavendish Agri Services"
"J.D. Irving, Limited - Cavendish Farms"
"J.D. Irving, Limited - Chandler"
"J.D. Irving, Limited - Custom Fabricators & Machinists (CFM)"
"J.D. Irving, Limited - Gulf Operators Ltd"
"J.D. Irving, Limited - Information Technology Division"
"J.D. Irving, Limited - Irving Consumer Products Limited"
"J.D. Irving, Limited - Irving Equipment Limited"
"J.D. Irving, Limited - Irving Forest Services"
"J.D. Irving, Limited - Irving Wallboard"
"J.D. Irving, Limited - J.D. Irving Business Services"
"J.D. Irving, Limited - JDI Finance"
"J.D. Irving, Limited - Kent Building Supplies"
"J.D. Irving, Limited - Kent Homes"
"J.D. Irving, Limited - Maritime Home Improvement Limited"
"J.D. Irving, Limited - Midland Transport Limited"
"J.D. Irving, Limited - Plasticraft Limited"
"J.D. Irving, Limited - Protrans Personnel Services Inc"
"J.D. Irving, Limited - Sunbury Transport Limited"
"J.D. Irving, Limited - Transport Solutions Ltd"
"J.D. Irving, Limited - Universal Properties Limited"
"J.D. Irving, Limited - Woodlands/Sawmill Division"
Jack's Pizza and Donair (Fredericton)
JapanGo! Restaurant (Moncton)
Javier Enterprises Inc
Jaylee Variety (655404NB Inc.)
JB Greenlaw Transport Ltd
Jeramand Enterprises Ltd.
Jin & Mi Enterprises Inc (Lakeville Variety)
JJ's Convenience Store
Joe's Diner (Fredericton)
John C. Robison
Johnson Enterprise Inc
Jolly Farmer Products Inc
Jolly Farmer Transport Inc
JPS Trucking LTD
Jubilee Super Buffet (Full House Enterprises Ltd)
Jun Realty Ltd. (K-Cupbop)
Jungle Jim's Miramichi
Jungle Jim's Saint John (Saint John Jungle Foods)
Kan-Go-Roo Playgrounds (1998) Ltd
Kanpai Izakaya (Dowon Brothers Inc.)
Keenan Construction Inc
Keenan Truck Repair Inc.
Kelly Cove Salmon Ltd
Keltic Transportation Inc.
Kenneth E. Spencer Memorial Home Inc
KFC (FMI)
Kim's Yori Time (Quispamsis)
Kingsway Restaurant Inc (Miramichi)
Kiwanis Nursing Home Inc.
Koto Restaurant Ltd. (Fredericton)
Kwan's Cantonese Restaurant (2012) Ltd. (Sussex)
LA Groceries (662524 NB Ltd)
"La Up'n Down Resto Bar, Tracadie-Sheila (Entreprise Kimo Inc)"
Lakeview Inn & Suites (Miramichi)
Lancaster Computer and Cellphone Ltd
Lateetud Canada Inc
Le CAFI
Le Groupe Roy Consultants ltée
Lei Zhang's Convenience
Les Résidence Mgr Chiasson
Les Résidences Jodin Inc
Li's Chinese Take-out Ltd (Rothesay)
Li's Restaurant and Take-out Inc (Bathurst)
Lit'l Sist'r Rose Transport Ltd
Loft 1 Inc.
Lotte Convenience (662053 N.B. INC)
Lyons Estates Inc
M & M Cormier Fisheries Ltd
M.O.R.E. Services Inc
MacLeod General Construction Ltd
Mai Asian Restaurant (KTH Restaurant Consulting and Services Inc)
Mai Restaurant Dieppe (676332 NB Inc)
Maibec Inc
Maison de Jeunes de Dieppe Inc
Malley Industries Inc.
Mama's Brew Pub (Fredericton)
Management 2000
Manoir Adelaide Inc (Dalhousie)
Manoir au son de la vague Inc
Manoir Belle Vue Inc
Manoir Brise de l'oasis
Manoir Oasis de la Baie
Manoir Pascal Poirier
Manoir St-Jean Baptiste
Manoir Sugarloaf (Groupe Lokia)
Maple Leaf Queen's Buffet (654501 N.B.Ltd.)
Marché Plus Ma-É-Ca Ltée (Saint-Sauveur)
Marijuana for Trauma (672800 N.B.Inc)
Mariner Group Inc
Marshlands Inn Sackville (BLAJ Hospitality Inc.)
Mauro's Cleanwalker
Maxsteel Inc
Maxtali Entreprise Inc
McCain Foods Limited
McConchie Trucking Ltd
McConnell Transport Limited
McDonald's Dieppe (Gestion Nammour Inc)
Mckenzie Learning Systems Inc
McLaughlin Dental Group
Mesurina Ltd
Metalfab
Metapra Associates Inc
Miao Yu Sushi (Saint John)
Middle Sackville Variety (680759 NB Inc.)
Milident East Coast
Minglers Pub and Catering (Les Enterprises Rocmar Ltd)
Missing Link Technologies
Misu Restaurant (689636 NB Ltd)
Moltex Energy Canada Inc.
Monarch Construction
Moncton Community Residences Incorporate
Moncton Flight College
Mormac Ltd.
Mott Enterprise Ltd.
Mount Saint Joseph Nursing Home
Mrs. Dunsters (1996) Inc.
Multicultural Association of the Greater Moncton Area
Murray Enterprises Ltd.
Nadeau Poultry
Naru Japanese Restaurant Ltd (Fredericton)
Nectar Cuisine Internationale (Nectar Restaurante Inc.)
"New Brunswick Youth Orchestra, Inc"
Nguyen-Asian Convenience Store (681626 NB Inc)
Nicole E. Druckman P.C. Inc
Nico's Bakery Cafe Inc (Riverview)
Nippon Sushi (665606 NB Inc.)
Noory Engineering Inc
Noralyn's Bakery Inc (Fredericton)
Nordia (Moncton)
Nordia (Saint John)
Norm's Pizza (Moncton)
North Minto Residence (501378 NB LTD)
O.C. Maillet Transport Ltd
Oak Bay Consulting Inc
Ocean Capital Holdings Ltd
Ocean Pier Inc.
Oliver's German Bakery Inc
On My Own Business Solutions Inc.
ONLINEFRESH E-Commerce INC.
Organic and Sustainable Atlantic Food and Energy (OSAFE)
Organigram
Oriental Pearl Restaurant Ltd. (Fredericton)
Oromocto Pizza & Donair (695716 NB Ltd)
Osaka Hibachi Moncton (692059 NB Inc.)
OSCO Group Services Limited
Out Reach Productions
Oval International (Eii Limited)
Oxygaz LTD
P & E Manufacturing Ltd
Papa John's Pizza (Moncton)
Parker Rentals (623346 NB Inc)
Partnership Saint John Selecting Inc
Peoples Park Tower
Petro Canada Woodstock (Kojax's Foods Services Inc)
Phoenix Petroleum Ltd
Picket Hill Equestrian Centre
Pine Grove Nursing Home
Pink Sushi (659309 NB Inc.)
Pita Pit Miramichi (D.A.E Enterprises Inc)
Pizza Boy (Grand-Sault)
Pizza Delight Bouctouche (Boulevard Holdings Ltd)
Pizza Delight Caraquet (Caraquet Pizza Inc)
Pizza Delight Florenceville
Pizza Delight Fredericton (S & P Foods Inc.)
Pizza Delight Miramichi
Pizza Delight Moncton (Mountain Road Pizzeria Inc)
Pizza Delight Oromocto (TLC Pizza (2010) Inc.)
Pizza Delight Richibucto (MDB Holdings Ltd.)
Pizza Delight Saint John
Pizza Delight Saint John (BLR Foods Ltd)
Pizza Delight Shediac (638001 NB Inc)
Pizza Hut (FMI)
Pizza Hut Fredericton (Hometown Pizza Ltd)
Pizza Pro Bathurst (658143 NB Inc)
Pizza Pro Miramichi (638798 NB Inc)
Pizza Shack Rothesay (Meca Holdings Inc)
Pizza Twins (Moncton)
Point Queen Fisheries Ltd
Polymerpave Global Corporation
Pool Boy Inc
Port City Royal (Saint John)
Power Precision Inc
Premier Tech Horticulture
Primelegend Enterprise Ltd
Primus Management ULC
Prince Albert Lodge
Professional Carriers Inc
Professional Quality Assurance Ltd (PQA Testing)
Provincial Bandag Tires Ltee
Provincial Elevator Services Ltd
Pub Down Under (Saint John)
Pump House Brewery Ltd
Quality Inn Bathurst (Dream Alliance Inc)
Quality Transportation Services NB Ltd.
Quark Oil and Gas Services Inc
Quesada Burritos & Tacos Miramichi (9594949 Canada Inc)
R.E.M. Transport Ltd
Rasakti
Rayan Investments Ltd
Reads Riverview (689229 NB Inc)
Red Satay Grill Inc (Dieppe)
Red Satay Grill Inc (Moncton)
Redmans Trucking Inc
Reid Truck Lines Inc
Remsoft Inc
Residence Moncton
Résidence Notre-Dame du Sacré-Coeur
Résidence Reine de la Paix
Résidence St-Isidore (2013) Ltée
Restaurant la Sagouine (Bouctouche)
Restigouche Family Services
RETA Services Inc.
RevJet (Web AMG Canada)
Rite-Line Transportation Inc.
Rivac Construction
Riverside Grocery & Pizza Shack (St. Stephen)
Roche Papier Stylo
Rodd Miramichi River Resort (Mirax Real Estate Inc)
Rodd Moncton Hotel (Rodd Hotels and Resorts)
Ronald B. Management
Rose St Pierre Special Care Home Inc
Rossignol Transport Ltd
Rothesay Netherwood School
Route 1 Big Stop Restaurant (R & L Convenience INC)
Rudolphs Farm and Butchershop
S & P Data
Safonov's International Business Corporation
Saint John Hearing Aid Center Ltd.
Saint John Human Development Inc
Saint John Marina Ltd
Sally's Convenience (Robin and Grace Retail Ltd)
Samosa Delite (Fredericton)
Scierie Chaleur
Scotian Distribution Services Ltd
Search2Go Inc.
Second Cup Moncton (Yiyang Canada Information Trade Company)
Sedin Technologies Corp
Senior Watch Inc
Sense of Tokyo (Saint John)
Serpentine Lodge Ltee (Plaster Rock)
Services de Garde Chez Tiago Childcares Services Inc.
Shannex Inc
Shediac Lobster Shop Ltd
Shoreland Transport Inc
SHRI Spice Shop Ltd
Silk Stevens Ltd
Silver Fox Restaurant (JP Lavoie & Sons Ltd)
Silverwood Stone Corp
SimpTek Technologies
SITEL
Smitty's Restaurant (ABL Thompson Group Inc.)
Snider Mountain Adventures Inc
Sofdep LTD
SoftPath
Solutions Galore Inc
Somethings Brewing Cafe (St. Stephen / St. Andrews)
Song's Chopsticks (Sackville)
Sonrai Security
South Street Trading Co. (SST)
Southern Comfort Villa
Spoon Express Restaurant
Squash Moncton Ltd
St Andrews Motor Inn (Hospitality Investments)
St John Valley Contractors Inc
St. Thomas University
Stewarts Transfer
Stewart's Village Mart
Stockford Reefer Services Inc
Subway (FMI) (050523 NB Ltd)
Subway Bathurst (Mainmast Investment Ltd./Ltee)
Subway Bouctouche (618479 NB Ltd.)
Subway Campbellton (Shamrock Submarine Inc)
Subway Dieppe (623127 NB Ltd)
Subway Dieppe (627396 NB Ltd)
Subway Miramichi Inc
Subway Moncton (DW Restaurants Moncton Inc)
Subway Saint John (Brunswick Subway LTD)
Subway Saint John (Golden Point Ltd)
Subway Saint John (McSubway INC)
Subway Saint John (Ratchford Subway Ltd)
Subway Saint John (Sarlin Subway Ltd)
Subway St. Stephen
Subway Sussex (637772 NB LTD.)
Subway Sussex (McWhite Holdings Ltd.)
Subway Upper Letang (058149 NB Ltd.)
Sugar Roll Japanese Cuisine (Dieppe)
Summerhill Foods
Sun Prince Restaurant (Fredericton)
Sunbury Dental Lab Inc
Sunny Corner Enterprises Inc
Sunny House Foods (Lotus Cafe)
Sunnymel
Sunshine House
Super 8 by Wyndham Caraquet (697230 NB Inc.)
Sushi Jo Ltd (Sussex)
Sushi Sapporo (Riverview)
Swiss Chalet Dieppe (Fresh Casual Restaurants Inc.)
Swiss Chalet Fredericton (Fresh Casual Restaurants Inc.)
Swiss Chalet Moncton (Fresh Casual Restaurants Inc)
T4G Limited
Taj Mahal Flavour of India (Moncton)
Tangerine
Tann Paper Ltd
Taste of Egypt Inc (Saint John)
TBC Consulting (Concentra Solutions)
Teledyne Digital Imaging Inc
Tendering Publications Ltd
Text in Context
Thai Express Saint John (681259 NB Inc)
Thai Manao Inc (Fredericton)
Thai Pho (Saint John)
Thai Pho Uptown (Park's Thai Pho Inc. 676274 NB Inc.)
Thai Union Canada Inc (Tracadie-Sheila)
Thandi Inc (Saint John)
The Algonquin Resort (St. Andrews)
The Cooperators
The Country Home Bakery (Sussex Corner)
The Golden Years Estate Ltd
The Goodie Shop Miramichi (Kwiksnax Ltd)
The Great Canadian Bagel (Dieppe)
The House of Chan (Saint John)
The Infusion (670486 Inc)
The Keg Steakhouse & Bar (Moncton)
The Learning Bar Inc.
The Midsea (648853 N.B. Inc.)
The Royal Barbershop
Theriault & Hachey Peat Moss
Thermtest Inc
Thu My Restaurant (Moncton)
Tide & Boar Gastropub (Moncton)
Tim Hortons Bathurst (Manawa Holdings Inc.)
Tim Hortons Campbellton (Circle Holdings Inc)
Tim Hortons Edmundston (Troyco Inc.)
Tim Hortons Grand Falls (C & A Toner Ltd)
Tim Hortons Miramichi (Jaden Ent Ltd)
Tim Hortons Moncton (Corey Craig Limited)
Tim Hortons Rothesay (Springer Investments Ltd.)
Tim Hortons Saint John (504151 N.B. Inc)
Tim Hortons Saint John (Homestead Holdings Ltd)
Tim Hortons Saint John (Murphy Food Service Ltd.)
Tim Hortons Saint John (Murphy Restaurants Ltd)
Tim Hortons Saint Quentin (Gestion R. G. Dube)
Tim Hortons St. Leonard (Café JEG Ruest Inc)
Tim Hortons Sussex (058249 NB Ltd)
Ting Xu (Moncton)
Tisdale Trucking Ltd
Tony Pepperoni Gourmet Pizza (El-Amm Holdings Ltd)
Tran's China Place Restaurant Ltd (Memramcook)
Tran's Palace Restaurant Miramichi (Tea Garden Ltd)
Tran's Place Restaurant Ltd (Moncton)
Trans-Aqua (The Greater Moncton Wastewater Commission)
Travel Lodge Edmundston (686949 NB Ltd)
Travel Lodge Waasis (696239 N.B Inc)
Trevali Mining Corporation
TRIFORCE Team Ltd
True North Salmon Ltd.
Truis / ABC Taxi (Cedar Holdings Inc)
TSR Digital Ltd. (Evergreen Traders)
Turul Transportation Ltd
Unicare Home Health Care
Unity Transportation (053636 NB LTD)
University of New Brunswick
Valley Refrigeration & Air Conditioning Ltd
Veggie Vietnam Ltd. (Dieppe)
Venn Innovation Inc
Veritas Motors Incorporated (Moncton)
Vesta Trucking Ltd
Victoria Trucking Ltd.
Villa du Repos Inc
Villa Maria Inc
Vito's Pizzeria Food Production Ltd (Moncton)
VNB Enterprises Inc
Volunteer Miramichi
Vong's Restaurant (Bouctouche)
Warman's Welding Ltd
Websolutions.ca
Wee College Inc
Wendy's (Fredericton)
Wentech Solutions Inc
West End Rite Stop Moncton (646983 NB Inc.)
Westmorland Fisheries Ltd.
Wildwood Cabinets Ltd
William Lunn
Windsor Court Retirement Residence Limited Partnership
Windsor Court Retirement Residence Limited Partnership (Barton Crescent Retirement Residence Inc )
Wok Box Saint John (657373 NB)
Wood Chef Bakery Inc (Memramcook)
Woodstock Cold Storage (1990) Ltd
World Wide Atlantic Freight Inc
Wyndham Hotels & Resorts Canada Inc
YMCA of Greater Saint John Inc
Yuzu Sushi (Bathurst)
Yvonne's Special Care Home
Zenabis Ltd
Zwebra Web Studi
